3 0.97109375 0.56015625 0.0578125 0.08203125
3 0.3390625 0.43359375 0.1015625 0.08125
3 0.475 0.30703125 0.10546875 0.08046875
3 0.48515625 0.36640625 0.10703125 0.0546875
3 0.5171875 0.57734375 0.09375 0.08984375
3 0.578125 0.59609375 0.09609375 0.07109375
3 0.37109375 0.75078125 0.109375 0.0828125
3 0.484375 0.7578125 0.1 0.0921875
3 0.596875 0.74453125 0.12265625 0.09453125
3 0.66484375 0.6671875 0.0984375 0.08125
3 0.6734375 0.5453125 0.11640625 0.0921875
3 0.765625 0.60234375 0.11328125 0.090625
3 0.78046875 0.68984375 0.12421875 0.08671875
3 0.75625 0.76953125 0.12265625 0.08828125
3 0.5984375 0.91953125 0.1125 0.08671875
3 0.4890625 0.91875 0.10703125 0.0828125
3 0.3890625 0.915625 0.08984375 0.08671875
3 0.31953125 0.84765625 0.08671875 0.065625
3 0.39765625 0.1953125 0.10390625 0.084375
3 0.40234375 0.1078125 0.10703125 0.08671875
3 0.33359375 0.0609375 0.0828125 0.0734375
3 0.16640625 0.0796875 0.11875 0.084375
